ABF1
A	0.231	0.678	0.006	0.019	0.83	0.002	0.054	0.395	0.156	0.417	0.224	0.98	0.002	0.012	0.459	
C	0.132	0.017	0.012	0.975	0.004	0.566	0.113	0.159	0.191	0.127	0.267	0.008	0.982	0.004	0.105	
G	0.119	0.295	0.004	0.004	0.16	0.0	0.059	0.099	0.048	0.27	0.116	0.01	0.008	0.982	0.198	
T	0.518	0.01	0.978	0.002	0.006	0.432	0.774	0.347	0.605	0.186	0.393	0.002	0.008	0.002	0.238	


ACE2
A	0.744	0.731	0.001	0.029	0.548	0.274	0.112	0.602	
C	0.124	0.032	0.803	0.832	0.361	0.03	0.524	0.339	
G	0.132	0.199	0.027	0.0	0.017	0.645	0.066	0.017	
T	0.0	0.038	0.168	0.138	0.074	0.05	0.298	0.043	


ADR1
A	0.25	0.012	0.012	0.488	0.012	0.012	
C	0.25	0.012	0.012	0.012	0.012	0.012	
G	0.25	0.964	0.964	0.488	0.964	0.488	
T	0.25	0.012	0.012	0.012	0.012	0.488	


AFT2
A	0.047	0.213	0.01	0.947	0.02	0.102	0.013	
C	0.176	0.031	0.942	0.0	0.962	0.847	0.78	
G	0.286	0.672	0.0	0.034	0.008	0.047	0.053	
T	0.491	0.083	0.048	0.018	0.01	0.004	0.154	


ARG80
A	0.563	0.0	1.0	0.0	0.291	0.0	
C	0.0	0.0	0.0	0.999	0.0	0.854	
G	0.0	0.999	0.0	0.0	0.272	0.0	
T	0.437	0.0	0.0	0.0	0.437	0.146	


ARG81
A	0.361	0.056	0.139	1.0	0.0	0.028	0.0	0.361	
C	0.056	0.0	0.0	0.0	0.972	0.0	1.0	0.222	
G	0.306	0.028	0.861	0.0	0.0	0.0	0.0	0.028	
T	0.278	0.917	0.0	0.0	0.028	0.972	0.0	0.389	


ARO80
A	0.143	0.0	0.0	0.286	0.0	0.429	0.429	0.0	0.429	0.429	0.0	0.0	0.0	0.429	0.143	0.857	0.143	0.0	0.0	0.143	0.0	0.0	0.0	
C	0.857	1.0	0.0	0.143	0.143	0.0	0.143	0.0	0.0	0.143	1.0	1.0	0.0	0.571	0.286	0.0	0.0	0.0	0.0	0.0	1.0	1.0	0.0	
G	0.0	0.0	1.0	0.143	0.714	0.286	0.286	0.0	0.0	0.429	0.0	0.0	1.0	0.0	0.571	0.0	0.286	0.0	0.0	0.857	0.0	0.0	1.0	
T	0.0	0.0	0.0	0.429	0.143	0.286	0.143	1.0	0.571	0.0	0.0	0.0	0.0	0.0	0.0	0.143	0.571	1.0	1.0	0.0	0.0	0.0	0.0	


ARR1
A	0.989	0.168	0.205	0.0	0.462	0.804	0.853	0.09	
C	0.007	0.259	0.241	0.0	0.0	0.144	0.001	0.013	
G	0.003	0.107	0.002	0.001	0.538	0.051	0.105	0.091	
T	0.0	0.466	0.551	0.998	0.0	0.0	0.04	0.805	


ASH1
A	0.0	0.0	0.391	0.376	0.81	0.006	0.223	0.505	0.0	0.015	
C	0.73	0.962	0.08	0.189	0.0	0.048	0.503	0.002	0.037	0.002	
G	0.039	0.0	0.447	0.342	0.189	0.037	0.037	0.311	0.828	0.852	
T	0.231	0.038	0.082	0.093	0.001	0.909	0.237	0.182	0.134	0.132	


AZF1
A	0.014	0.332	0.0	0.0	0.027	0.18	0.014	0.111	0.069	0.069	0.0	0.152	0.235	0.25	0.014	0.0	0.055	0.042	
C	0.216	0.064	0.0	0.0	0.015	0.549	0.007	0.015	0.098	0.181	0.416	0.764	0.015	0.0	0.299	0.125	0.007	0.541	
G	0.007	0.022	0.042	0.0	0.223	0.049	0.216	0.181	0.015	0.015	0.0	0.015	0.181	0.5	0.007	0.292	0.216	0.0	
T	0.763	0.582	0.958	1.0	0.735	0.222	0.763	0.693	0.818	0.735	0.583	0.069	0.568	0.25	0.68	0.583	0.721	0.417	


BAS1
A	0.027	0.068	0.903	0.0	0.0	0.0	0.016	0.221	0.266	0.182	
C	0.0	0.016	0.0	0.897	0.04	0.951	0.263	0.095	0.255	0.329	
G	0.054	0.898	0.048	0.0	0.0	0.0	0.209	0.207	0.163	0.095	
T	0.919	0.018	0.048	0.103	0.959	0.049	0.511	0.477	0.315	0.395	


CAD1
A	0.113	0.303	0.027	0.044	0.882	0.053	0.113	0.94	0.964	0.018	
C	0.0	0.585	0.018	0.0	0.056	0.73	0.0	0.03	0.009	0.06	
G	0.778	0.027	0.009	0.223	0.0	0.078	0.047	0.0	0.0	0.049	
T	0.109	0.086	0.947	0.733	0.062	0.139	0.84	0.03	0.027	0.874	


CBF1
A	0.245	0.029	0.011	0.986	0.004	0.018	0.017	0.0	
C	0.002	0.003	0.977	0.0	0.938	0.018	0.008	0.007	
G	0.737	0.081	0.005	0.012	0.006	0.96	0.004	0.985	
T	0.016	0.888	0.006	0.002	0.052	0.003	0.971	0.008	


CHA4
A	0.14	0.12	0.02	0.06	0.98	0.06	0.16	0.68	0.32	
C	0.06	0.02	0.98	0.0	0.0	0.1	0.14	0.16	0.0	
G	0.04	0.84	0.0	0.94	0.02	0.04	0.62	0.02	0.38	
T	0.76	0.02	0.0	0.0	0.0	0.8	0.08	0.14	0.3	


CIN5
A	0.33	0.074	0.037	0.987	0.054	0.459	0.046	0.84	0.903	
C	0.53	0.081	0.106	0.0	0.756	0.198	0.048	0.104	0.026	
G	0.013	0.037	0.009	0.012	0.007	0.336	0.065	0.047	0.029	
T	0.126	0.807	0.848	0.0	0.183	0.007	0.842	0.009	0.043	


CRZ1
A	0.012	0.488	0.012	0.012	0.012	0.012	0.012	
C	0.012	0.012	0.012	0.012	0.964	0.012	0.012	
G	0.964	0.012	0.964	0.964	0.012	0.012	0.964	
T	0.012	0.488	0.012	0.012	0.012	0.964	0.012	


CST6
A	0.194	0.129	0.048	1.0	0.0	0.016	0.0	0.339	
C	0.129	0.129	0.919	0.0	0.0	0.016	0.097	0.242	
G	0.129	0.597	0.0	0.0	0.0	0.0	0.048	0.081	
T	0.548	0.145	0.032	0.0	1.0	0.968	0.855	0.339	


DAL80
A	0.012	0.964	0.012	0.964	0.964	
C	0.012	0.012	0.012	0.012	0.012	
G	0.964	0.012	0.012	0.012	0.012	
T	0.012	0.012	0.964	0.012	0.012	


DAL81
A	0.964	0.964	0.964	0.964	0.012	0.012	0.012	0.012	0.012	0.012	0.012	0.012	0.012	0.012	0.012	0.012	0.964	0.012	0.012	
C	0.012	0.012	0.012	0.012	0.012	0.964	0.964	0.012	0.964	0.012	0.012	0.012	0.964	0.012	0.012	0.012	0.012	0.012	0.012	
G	0.012	0.012	0.012	0.012	0.964	0.012	0.012	0.964	0.012	0.964	0.964	0.964	0.012	0.964	0.964	0.964	0.012	0.012	0.012	
T	0.012	0.012	0.012	0.012	0.012	0.012	0.012	0.012	0.012	0.012	0.012	0.012	0.012	0.012	0.012	0.012	0.012	0.964	0.964	


DAL82
A	0.854	0.959	0.652	0.369	0.361	0.054	0.136	0.036	0.066	0.204	
C	0.0	0.006	0.034	0.16	0.007	0.127	0.068	0.598	0.001	0.375	
G	0.118	0.004	0.073	0.246	0.096	0.004	0.763	0.002	0.932	0.101	
T	0.028	0.031	0.241	0.226	0.536	0.815	0.034	0.363	0.001	0.32	


DIG1
A	0.488	0.399	0.506	0.22	0.534	0.383	0.289	0.244	0.397	0.147	0.074	0.921	0.86	0.917	0.134	0.533	
C	0.145	0.219	0.129	0.481	0.121	0.188	0.147	0.181	0.221	0.051	0.052	0.001	0.019	0.022	0.797	0.116	
G	0.156	0.141	0.161	0.095	0.167	0.144	0.147	0.095	0.15	0.146	0.864	0.006	0.042	0.035	0.017	0.16	
T	0.211	0.242	0.204	0.204	0.178	0.284	0.417	0.479	0.233	0.655	0.011	0.072	0.08	0.027	0.052	0.191	


ECM22
A	0.012	0.012	0.012	0.012	0.012	0.964	0.012	0.964	0.964	0.012	0.012	
C	0.964	0.012	0.964	0.012	0.012	0.012	0.012	0.012	0.012	0.012	0.964	
G	0.012	0.012	0.012	0.964	0.012	0.012	0.012	0.012	0.012	0.964	0.012	
T	0.012	0.964	0.012	0.012	0.964	0.012	0.964	0.012	0.012	0.012	0.012	


FHL1
A	0.702	0.009	0.009	0.005	0.828	0.056	0.157	0.011	0.578	0.046	
C	0.032	0.005	0.005	0.111	0.051	0.706	0.014	0.005	0.059	0.042	
G	0.191	0.09	0.976	0.042	0.048	0.009	0.795	0.966	0.336	0.06	
T	0.075	0.896	0.01	0.842	0.073	0.229	0.034	0.019	0.027	0.853	


FKH1
A	0.497	0.497	0.428	0.267	0.165	0.069	0.889	0.982	0.964	0.025	0.981	0.699	
C	0.118	0.112	0.124	0.165	0.0	0.032	0.08	0.005	0.004	0.866	0.004	0.021	
G	0.167	0.165	0.193	0.244	0.769	0.033	0.021	0.012	0.025	0.0	0.009	0.105	
T	0.218	0.226	0.255	0.325	0.066	0.866	0.009	0.0	0.007	0.108	0.006	0.175	


FKH2
A	0.248	0.394	0.493	0.61	0.498	0.439	0.294	0.207	0.059	0.902	0.966	0.967	0.031	0.952	0.543	
C	0.119	0.172	0.128	0.103	0.103	0.121	0.152	0.021	0.006	0.064	0.0	0.0	0.825	0.016	0.118	
G	0.444	0.216	0.176	0.108	0.147	0.134	0.256	0.721	0.024	0.02	0.034	0.02	0.032	0.011	0.126	
T	0.188	0.217	0.203	0.179	0.252	0.306	0.299	0.051	0.911	0.015	0.0	0.012	0.112	0.021	0.212	


GAL4
A	0.0	0.001	0.056	0.642	0.185	0.199	0.574	0.142	0.641	0.116	0.058	0.06	0.03	0.186	0.0	0.0	0.0	0.571	
C	0.942	0.015	0.044	0.126	0.427	0.142	0.071	0.568	0.0	0.367	0.196	0.181	0.67	0.426	0.985	0.999	0.0	0.095	
G	0.0	0.984	0.884	0.101	0.373	0.186	0.299	0.218	0.015	0.316	0.0	0.472	0.21	0.187	0.015	0.0	0.958	0.178	
T	0.057	0.0	0.015	0.131	0.015	0.472	0.056	0.071	0.344	0.201	0.747	0.287	0.09	0.201	0.0	0.0	0.042	0.155	


GAL80
A	0.012	0.012	0.012	0.25	0.25	0.25	0.25	0.25	0.25	0.25	0.25	0.25	0.25	0.25	0.012	0.012	0.012	
C	0.964	0.012	0.012	0.25	0.25	0.25	0.25	0.25	0.25	0.25	0.25	0.25	0.25	0.25	0.964	0.964	0.012	
G	0.012	0.964	0.964	0.25	0.25	0.25	0.25	0.25	0.25	0.25	0.25	0.25	0.25	0.25	0.012	0.012	0.964	
T	0.012	0.012	0.012	0.25	0.25	0.25	0.25	0.25	0.25	0.25	0.25	0.25	0.25	0.25	0.012	0.012	0.012	


GAT1
A	0.639	0.015	0.967	0.015	0.967	0.967	0.015	
C	0.099	0.009	0.009	0.009	0.009	0.009	0.009	
G	0.099	0.961	0.009	0.009	0.009	0.009	0.961	
T	0.162	0.015	0.015	0.967	0.015	0.015	0.015	


GAT3
A	0.855	0.002	0.733	0.75	0.17	0.815	0.001	0.019	
C	0.017	0.002	0.048	0.06	0.654	0.0	0.009	0.0	
G	0.0	0.001	0.004	0.117	0.162	0.0	0.001	0.98	
T	0.128	0.995	0.216	0.073	0.014	0.184	0.99	0.001	


GCN4
A	0.642	0.003	0.008	0.996	0.011	0.042	0.218	0.735	
C	0.05	0.021	0.025	0.0	0.875	0.021	0.729	0.029	
G	0.274	0.0	0.957	0.003	0.106	0.0	0.009	0.056	
T	0.034	0.976	0.01	0.0	0.008	0.936	0.044	0.18	


GCR1
A	0.071	0.0	0.286	0.036	0.071	0.0	0.0	0.0	0.464	
C	0.179	0.036	0.0	0.964	0.036	0.0	0.964	1.0	0.143	
G	0.5	0.75	0.607	0.0	0.0	0.0	0.0	0.0	0.0	
T	0.25	0.214	0.107	0.0	0.893	1.0	0.036	0.0	0.393	


GCR2
A	0.213	0.0	0.082	0.0	0.0	0.0	0.377	
C	0.131	1.0	0.0	0.0	0.934	0.967	0.197	
G	0.541	0.0	0.016	0.0	0.0	0.016	0.033	
T	0.115	0.0	0.902	1.0	0.066	0.016	0.393	


GLN3
A	0.564	0.102	0.826	0.004	0.747	0.804	0.007	0.663	0.303	0.571	
C	0.198	0.02	0.017	0.067	0.048	0.0	0.132	0.078	0.051	0.107	
G	0.021	0.855	0.152	0.001	0.115	0.16	0.603	0.239	0.036	0.175	
T	0.218	0.022	0.005	0.928	0.09	0.036	0.258	0.02	0.61	0.147	


GTS1
A	0.15	0.999	0.0	0.0	0.836	0.989	
C	0.0	0.0	0.735	0.976	0.009	0.0	
G	0.0	0.0	0.036	0.0	0.154	0.01	
T	0.849	0.0	0.229	0.023	0.0	0.0	


GZF3
A	0.012	0.964	0.012	0.964	0.964	0.012	
C	0.012	0.012	0.012	0.012	0.012	0.012	
G	0.964	0.012	0.012	0.012	0.012	0.964	
T	0.012	0.012	0.964	0.012	0.012	0.012	


HAC1
A	0.796	0.091	0.152	0.544	0.0	0.959	0.001	0.0	0.152	0.897	
C	0.0	0.0	0.0	0.411	0.999	0.0	0.998	0.0	0.0	0.0	
G	0.0	0.495	0.848	0.0	0.0	0.0	0.0	0.999	0.0	0.0	
T	0.204	0.414	0.0	0.044	0.0	0.04	0.001	0.0	0.848	0.103	


HAP1
A	0.001	0.046	0.672	0.217	0.857	0.627	0.204	0.257	0.026	0.054	
C	0.923	0.0	0.014	0.036	0.037	0.039	0.281	0.192	0.649	0.848	
G	0.065	0.946	0.148	0.023	0.063	0.069	0.139	0.155	0.265	0.053	
T	0.015	0.01	0.165	0.723	0.041	0.264	0.376	0.396	0.062	0.048	


HAP2
A	0.0	0.053	0.848	0.999	0.0	0.142	0.795	0.358	
C	0.884	0.945	0.0	0.0	0.063	0.297	0.0	0.164	
G	0.0	0.001	0.099	0.001	0.056	0.365	0.102	0.375	
T	0.116	0.0	0.054	0.0	0.881	0.197	0.103	0.103	


HAP3
A	0.012	0.012	0.964	0.964	0.012	
C	0.964	0.964	0.012	0.012	0.012	
G	0.012	0.012	0.012	0.012	0.012	
T	0.012	0.012	0.012	0.012	0.964	


HAP4
A	0.456	0.0	0.053	0.981	0.991	0.0	0.07	0.904	0.401	0.403	0.24	0.268	0.224	0.226	0.456	
C	0.127	0.949	0.932	0.0	0.009	0.068	0.657	0.001	0.09	0.191	0.208	0.216	0.318	0.237	0.18	
G	0.219	0.022	0.0	0.0	0.0	0.0	0.121	0.05	0.397	0.209	0.247	0.235	0.205	0.303	0.165	
T	0.197	0.029	0.014	0.018	0.0	0.932	0.151	0.046	0.111	0.197	0.305	0.281	0.253	0.234	0.199	


HAP5
A	0.012	0.012	0.964	0.964	0.012	
C	0.964	0.964	0.012	0.012	0.012	
G	0.012	0.012	0.012	0.012	0.012	
T	0.012	0.012	0.012	0.012	0.964	


HSF1
A	0.519	0.15	0.971	0.843	0.105	0.239	0.032	0.01	0.179	0.056	0.7	0.024	0.963	0.959	
C	0.088	0.0	0.001	0.015	0.307	0.236	0.069	0.165	0.724	0.092	0.047	0.0	0.027	0.009	
G	0.371	0.814	0.01	0.079	0.209	0.294	0.064	0.052	0.045	0.039	0.243	0.949	0.001	0.009	
T	0.021	0.036	0.019	0.063	0.379	0.231	0.834	0.774	0.052	0.814	0.009	0.026	0.009	0.023	


IME1
A	0.0	0.018	0.001	0.0	0.0	0.0	1.0	0.118	
C	0.999	0.77	0.001	0.999	0.631	0.0	0.0	0.0	
G	0.0	0.211	0.998	0.0	0.257	0.999	0.0	0.881	
T	0.0	0.0	0.0	0.0	0.111	0.0	0.0	0.0	


INO2
A	0.126	0.0	0.918	0.0	0.061	0.067	0.0	0.836	0.793	
C	0.116	0.988	0.039	0.1	0.0	0.01	0.132	0.071	0.02	
G	0.712	0.0	0.0	0.01	0.928	0.051	0.867	0.093	0.029	
T	0.046	0.011	0.043	0.89	0.01	0.872	0.0	0.0	0.158	


INO4
A	0.189	0.02	0.818	0.0	0.076	0.014	0.119	0.863	0.838	
C	0.175	0.848	0.061	0.0	0.0	0.0	0.014	0.037	0.039	
G	0.588	0.0	0.0	0.007	0.923	0.0	0.867	0.093	0.104	
T	0.048	0.131	0.121	0.993	0.0	0.986	0.0	0.007	0.019	


IXR1
A	1.0	0.755	0.433	0.189	0.379	0.378	0.189	0.756	0.756	0.0	0.0	0.189	0.056	0.0	0.0	
C	0.0	0.0	0.0	0.755	0.621	0.0	0.0	0.0	0.0	0.0	0.998	0.0	0.0	0.0	0.0	
G	0.0	0.0	0.377	0.0	0.0	0.622	0.567	0.244	0.0	0.999	0.0	0.81	0.944	0.377	0.81	
T	0.0	0.245	0.189	0.055	0.0	0.0	0.244	0.0	0.244	0.0	0.001	0.0	0.0	0.622	0.189	


LEU3
A	0.044	0.0	0.028	0.09	0.163	0.614	0.132	0.0	0.028	0.0	
C	0.928	0.913	0.0	0.0	0.0	0.223	0.84	0.972	0.044	0.137	
G	0.028	0.044	0.972	0.809	0.082	0.0	0.0	0.0	0.913	0.835	
T	0.0	0.044	0.0	0.1	0.755	0.163	0.028	0.028	0.016	0.028	


MAC1
A	0.116	0.129	0.714	0.289	0.197	0.595	0.681	0.562	0.504	0.929	
C	0.11	0.061	0.264	0.007	0.612	0.0	0.002	0.208	0.085	0.0	
G	0.135	0.808	0.021	0.704	0.091	0.405	0.08	0.06	0.183	0.035	
T	0.639	0.004	0.0	0.0	0.101	0.0	0.236	0.17	0.229	0.036	


MATA1
A	0.488	0.012	0.964	0.012	0.964	0.964	0.012	
C	0.012	0.964	0.012	0.964	0.012	0.012	0.012	
G	0.488	0.012	0.012	0.012	0.012	0.012	0.012	
T	0.012	0.012	0.012	0.012	0.012	0.012	0.964	


MBP1
A	0.615	0.014	0.038	0.0	0.027	0.054	0.051	
C	0.101	0.94	0.007	0.941	0.001	0.0	0.648	
G	0.121	0.014	0.955	0.008	0.945	0.007	0.007	
T	0.162	0.033	0.0	0.051	0.027	0.939	0.294	


MCM1
A	0.232	0.165	0.179	0.064	0.006	0.16	0.387	0.608	0.063	0.075	0.455	0.048	0.032	0.828	0.94	0.93	
C	0.12	0.013	0.063	0.915	0.946	0.344	0.128	0.0	0.027	0.182	0.059	0.008	0.005	0.041	0.029	0.016	
G	0.104	0.21	0.096	0.013	0.0	0.122	0.271	0.001	0.005	0.024	0.323	0.944	0.963	0.055	0.024	0.038	
T	0.544	0.612	0.663	0.008	0.049	0.373	0.213	0.391	0.905	0.719	0.164	0.0	0.0	0.077	0.006	0.016	


MET28
A	0.012	0.012	0.012	0.012	0.012	0.012	
C	0.964	0.012	0.012	0.012	0.012	0.012	
G	0.012	0.012	0.964	0.012	0.964	0.964	
T	0.012	0.964	0.012	0.964	0.012	0.012	


MET31
A	0.319	0.191	0.0	0.0	0.0	0.0	0.021	0.106	
C	0.064	0.128	0.0	0.0	0.043	0.0	0.0	0.34	
G	0.319	0.617	0.0	1.0	0.0	1.0	0.596	0.128	
T	0.298	0.064	1.0	0.0	0.957	0.0	0.383	0.426	


MET32
A	0.514	0.914	0.686	0.029	0.0	0.0	0.0	0.0	0.0	0.0	
C	0.314	0.0	0.0	0.629	0.0	0.0	0.0	0.0	0.0	0.914	
G	0.029	0.0	0.2	0.171	0.0	1.0	0.0	1.0	1.0	0.0	
T	0.143	0.086	0.114	0.171	1.0	0.0	1.0	0.0	0.0	0.086	


MET4
A	1.0	0.665	0.003	0.0	0.0	0.0	0.0	0.0	
C	0.0	0.166	0.664	0.0	0.0	0.0	0.0	0.0	
G	0.0	0.168	0.0	0.0	0.998	0.0	0.998	0.998	
T	0.0	0.0	0.333	1.0	0.0	1.0	0.0	0.0	


MIG1
A	0.488	0.488	0.488	0.488	0.012	0.012	0.012	0.012	0.012	0.012	
C	0.012	0.012	0.012	0.012	0.488	0.488	0.012	0.012	0.012	0.012	
G	0.012	0.012	0.012	0.012	0.488	0.012	0.964	0.964	0.964	0.964	
T	0.488	0.488	0.488	0.488	0.012	0.488	0.012	0.012	0.012	0.012	


MOT3
A	0.329	0.964	0.012	0.012	0.012	0.964	
C	0.329	0.012	0.012	0.012	0.488	0.012	
G	0.012	0.012	0.964	0.964	0.012	0.012	
T	0.329	0.012	0.012	0.012	0.488	0.012	


MSN2
A	0.513	0.974	0.066	0.013	0.013	0.026	0.132	
C	0.263	0.013	0.0	0.0	0.0	0.0	0.461	
G	0.105	0.013	0.921	0.987	0.987	0.961	0.197	
T	0.118	0.0	0.013	0.0	0.0	0.013	0.211	


MSN4
A	0.689	0.959	0.23	0.0	0.014	0.014	0.311	
C	0.162	0.014	0.0	0.0	0.0	0.0	0.243	
G	0.108	0.014	0.757	0.986	0.986	0.959	0.311	
T	0.041	0.014	0.014	0.014	0.0	0.027	0.135	


NDD1
A	0.677	0.971	0.705	0.463	0.108	0.307	0.017	0.79	0.834	0.885	
C	0.012	0.0	0.024	0.131	0.016	0.0	0.217	0.151	0.017	0.0	
G	0.301	0.013	0.13	0.357	0.789	0.692	0.498	0.058	0.143	0.099	
T	0.01	0.016	0.141	0.049	0.087	0.0	0.269	0.001	0.006	0.016	


NRG1
A	0.256	0.102	0.87	0.026	0.005	0.007	0.067	
C	0.042	0.035	0.004	0.935	0.96	0.981	0.139	
G	0.684	0.803	0.02	0.01	0.01	0.004	0.061	
T	0.018	0.06	0.106	0.028	0.026	0.009	0.733	


OPI1
A	0.218	0.0	0.982	1.0	0.018	0.018	0.364	
C	0.4	0.0	0.018	0.0	0.964	0.982	0.218	
G	0.164	1.0	0.0	0.0	0.0	0.0	0.327	
T	0.218	0.0	0.0	0.0	0.018	0.0	0.091	


PDR1
A	0.135	0.052	0.02	0.003	0.003	0.18	0.81	0.918	0.434	0.671	0.643	
C	0.698	0.638	0.002	0.929	0.977	0.002	0.002	0.048	0.002	0.11	0.075	
G	0.063	0.167	0.898	0.064	0.002	0.699	0.185	0.031	0.031	0.216	0.09	
T	0.103	0.142	0.08	0.003	0.018	0.12	0.003	0.003	0.533	0.003	0.192	


PDR3
A	0.012	0.012	0.012	0.012	0.012	0.012	0.012	0.964	
C	0.012	0.964	0.964	0.012	0.964	0.012	0.012	0.012	
G	0.012	0.012	0.012	0.964	0.012	0.964	0.964	0.012	
T	0.964	0.012	0.012	0.012	0.012	0.012	0.012	0.012	


PHD1
A	0.734	0.074	0.082	0.227	0.941	0.339	
C	0.008	0.0	0.0	0.677	0.0	0.641	
G	0.257	0.926	0.917	0.037	0.059	0.019	
T	0.001	0.0	0.001	0.06	0.0	0.002	


PHO2
A	0.776	0.014	0.007	0.916	0.999	0.539	
C	0.0	0.213	0.009	0.0	0.0	0.106	
G	0.0	0.0	0.0	0.081	0.001	0.298	
T	0.224	0.772	0.984	0.002	0.0	0.056	


PHO4
A	0.0	0.983	0.029	0.018	0.001	0.029	0.177	
C	0.985	0.0	0.939	0.0	0.045	0.0	0.145	
G	0.0	0.016	0.0	0.982	0.0	0.971	0.516	
T	0.015	0.001	0.032	0.0	0.954	0.0	0.162	


PUT3
A	0.0	0.0	0.092	0.102	0.958	0.999	0.167	0.0	0.0	0.734	0.454	0.162	0.162	0.162	0.162	0.162	
C	0.999	0.0	0.0	0.092	0.0	0.0	0.0	0.999	0.9	0.266	0.296	0.421	0.421	0.588	0.546	0.129	
G	0.0	0.999	0.908	0.806	0.042	0.0	0.833	0.0	0.1	0.0	0.088	0.088	0.088	0.088	0.129	0.546	
T	0.0	0.0	0.0	0.0	0.0	0.001	0.0	0.0	0.0	0.0	0.162	0.329	0.329	0.162	0.162	0.162	


RAP1
A	0.462	0.212	0.917	0.0	0.0	0.001	0.739	0.104	0.69	0.042	0.779	0.012	
C	0.178	0.498	0.02	0.758	0.993	0.949	0.0	0.213	0.016	0.917	0.215	0.495	
G	0.198	0.128	0.057	0.017	0.006	0.005	0.237	0.186	0.185	0.0	0.006	0.0	
T	0.162	0.162	0.007	0.224	0.0	0.045	0.024	0.497	0.109	0.041	0.0	0.493	


RCS1
A	0.077	0.198	0.026	0.885	0.049	0.008	0.041	
C	0.137	0.035	0.918	0.013	0.898	0.944	0.536	
G	0.121	0.751	0.006	0.089	0.045	0.008	0.042	
T	0.665	0.016	0.049	0.013	0.009	0.04	0.381	


RDS1
A	0.0	0.0	0.0	0.0	0.0	0.0	
C	0.999	0.0	0.0	0.999	0.999	0.0	
G	0.0	0.999	0.999	0.0	0.0	0.999	
T	0.0	0.0	0.0	0.0	0.0	0.0	


REB1
A	0.025	0.056	0.965	0.01	0.005	0.008	0.009	0.094	
C	0.025	0.04	0.013	0.974	0.987	0.977	0.011	0.283	
G	0.025	0.008	0.015	0.005	0.003	0.01	0.845	0.521	
T	0.925	0.895	0.008	0.01	0.005	0.005	0.135	0.102	


RFX1
A	0.025	0.05	0.114	0.086	0.0	0.05	0.887	0.037	0.262	0.012	0.114	0.756	0.874	0.102	
C	0.074	0.0	0.108	0.063	0.414	0.811	0.075	0.037	0.0	0.026	0.459	0.0	0.025	0.634	
G	0.875	0.0	0.05	0.802	0.073	0.0	0.038	0.1	0.648	0.887	0.112	0.144	0.05	0.075	
T	0.026	0.95	0.727	0.05	0.513	0.139	0.0	0.826	0.089	0.075	0.315	0.1	0.05	0.189	


RGT1
A	0.0	0.0	0.0	0.0	0.0	1.0	0.75	0.917	1.0	1.0	
C	0.417	0.417	0.917	0.0	0.0	0.0	0.0	0.0	0.0	0.0	
G	0.583	0.083	0.0	1.0	1.0	0.0	0.0	0.0	0.0	0.0	
T	0.0	0.5	0.083	0.0	0.0	0.0	0.25	0.083	0.0	0.0	


RIM101
A	0.012	0.012	0.012	0.012	0.964	0.964	0.012	
C	0.012	0.012	0.964	0.964	0.012	0.012	0.012	
G	0.012	0.964	0.012	0.012	0.012	0.012	0.964	
T	0.964	0.012	0.012	0.012	0.012	0.012	0.012	


RLM1
A	0.002	0.867	0.107	0.052	0.048	0.654	0.305	0.862	0.031	0.608	
C	0.098	0.0	0.0	0.0	0.024	0.003	0.038	0.0	0.132	0.077	
G	0.002	0.029	0.0	0.056	0.095	0.101	0.132	0.138	0.761	0.143	
T	0.898	0.104	0.892	0.891	0.833	0.242	0.526	0.0	0.076	0.171	


RLR1
A	1.0	0.0	1.0	0.0	0.0	0.339	0.161	0.0	0.169	0.331	0.169	1.0	0.0	0.169	0.5	
C	0.0	0.999	0.0	0.0	0.0	0.166	0.33	0.0	0.165	0.165	0.661	0.0	0.0	0.0	0.0	
G	0.0	0.0	0.0	0.999	0.0	0.0	0.0	0.0	0.0	0.0	0.0	0.0	0.999	0.334	0.0	
T	0.0	0.0	0.0	0.0	1.0	0.495	0.508	1.0	0.666	0.505	0.169	0.0	0.0	0.497	0.5	


RME1
A	0.0	0.121	0.119	0.99	0.744	0.861	0.187	0.227	0.58	0.79	
C	0.18	0.324	0.338	0.0	0.0	0.107	0.0	0.0	0.141	0.002	
G	0.003	0.12	0.171	0.009	0.1	0.0	0.813	0.764	0.126	0.075	
T	0.817	0.436	0.371	0.001	0.156	0.032	0.0	0.009	0.153	0.133	


ROX1
A	0.542	0.44	0.681	0.823	0.001	0.224	0.232	0.0	0.054	0.229	
C	0.007	0.002	0.315	0.0	0.465	0.776	0.678	0.844	0.136	0.499	
G	0.171	0.223	0.0	0.173	0.497	0.0	0.051	0.0	0.621	0.233	
T	0.281	0.334	0.003	0.004	0.038	0.0	0.039	0.155	0.189	0.04	



RPH1
A	0.012	0.012	0.012	0.012	0.012	0.012	0.964	0.964	0.012	0.012	
C	0.964	0.964	0.964	0.964	0.012	0.012	0.012	0.012	0.012	0.012	
G	0.012	0.012	0.012	0.012	0.012	0.012	0.012	0.012	0.964	0.964	
T	0.012	0.012	0.012	0.012	0.964	0.964	0.012	0.012	0.012	0.012	


RPN4
A	0.219	0.179	0.008	0.001	0.01	0.008	0.019	0.782	0.918	0.807	0.479	
C	0.428	0.004	0.015	0.042	0.004	0.014	0.977	0.016	0.004	0.065	0.153	
G	0.314	0.806	0.97	0.01	0.982	0.971	0.003	0.17	0.004	0.05	0.035	
T	0.039	0.012	0.007	0.947	0.004	0.007	0.0	0.032	0.074	0.078	0.333	


RTG3
A	0.621	0.0	0.0	1.0	0.0	0.103	0.224	0.448	
C	0.052	0.0	0.0	0.0	1.0	0.069	0.759	0.121	
G	0.259	0.0	1.0	0.0	0.0	0.31	0.0	0.19	
T	0.069	1.0	0.0	0.0	0.0	0.517	0.017	0.241	


SFL1
A	0.012	0.964	0.964	0.012	0.012	0.012	0.012	0.012	
C	0.012	0.012	0.012	0.012	0.964	0.012	0.012	0.964	
G	0.964	0.012	0.012	0.964	0.012	0.012	0.012	0.012	
T	0.012	0.012	0.012	0.012	0.012	0.964	0.964	0.012	


SFP1
A	0.635	0.026	0.0	0.018	0.86	0.021	0.084	0.083	0.466	0.052	
C	0.027	0.0	0.0	0.107	0.0	0.424	0.016	0.0	0.0	0.071	
G	0.336	0.056	0.983	0.018	0.033	0.0	0.9	0.878	0.521	0.039	
T	0.001	0.918	0.017	0.857	0.107	0.554	0.0	0.039	0.013	0.839	


SIP4
A	0.111	0.223	0.0	0.0	0.001	0.223	0.0	0.001	0.667	0.888	0.0	0.001	0.112	0.777	0.443	
C	0.334	0.11	0.999	0.0	0.0	0.223	0.223	0.222	0.0	0.0	0.112	0.0	0.0	0.0	0.222	
G	0.222	0.0	0.0	0.888	0.776	0.111	0.0	0.445	0.0	0.0	0.0	0.999	0.888	0.223	0.334	
T	0.332	0.667	0.0	0.111	0.223	0.443	0.777	0.332	0.332	0.112	0.888	0.0	0.0	0.0	0.0	


SKN7
A	0.023	0.001	0.001	0.326	0.076	0.148	0.0	0.073	
C	0.19	0.946	0.384	0.08	0.057	0.255	0.915	0.701	
G	0.202	0.009	0.139	0.558	0.746	0.587	0.016	0.124	
T	0.585	0.045	0.476	0.036	0.12	0.01	0.068	0.101	


SKO1
A	0.089	0.939	0.0	0.111	0.092	0.113	0.946	0.211	
C	0.199	0.0	0.945	0.002	0.06	0.887	0.001	0.152	
G	0.016	0.045	0.0	0.887	0.001	0.0	0.053	0.088	
T	0.696	0.016	0.055	0.0	0.847	0.0	0.0	0.549	


SMP1
A	0.964	0.012	0.012	0.964	0.012	0.012	0.964	0.488	0.488	0.488	0.488	0.012	0.964	0.012	
C	0.012	0.964	0.012	0.012	0.964	0.012	0.012	0.012	0.012	0.012	0.012	0.012	0.012	0.012	
G	0.012	0.012	0.012	0.012	0.012	0.012	0.012	0.012	0.012	0.012	0.012	0.012	0.012	0.964	
T	0.012	0.012	0.964	0.012	0.012	0.964	0.012	0.488	0.488	0.488	0.488	0.964	0.012	0.012	


SNF1
A	0.0	0.0	0.0	0.5	0.0	0.5	1.0	0.0	0.0	0.0	1.0	1.0	0.0	0.0	0.0	0.0	0.0	
C	1.0	1.0	0.0	0.0	0.0	0.0	0.0	0.0	1.0	0.0	0.0	0.0	1.0	0.5	1.0	0.0	0.0	
G	0.0	0.0	1.0	0.5	1.0	0.5	0.0	0.0	0.0	1.0	0.0	0.0	0.0	0.0	0.0	1.0	1.0	
T	0.0	0.0	0.0	0.0	0.0	0.0	0.0	1.0	0.0	0.0	0.0	0.0	0.0	0.5	0.0	0.0	0.0	


SNT2
A	0.446	0.162	0.036	0.57	0.0	1.0	0.0	0.0	0.0	0.0	0.0	0.326	0.208	0.333	0.185	
C	0.099	0.088	0.0	0.081	0.0	0.0	0.0	0.999	0.0	0.999	0.999	0.011	0.349	0.19	0.36	
G	0.099	0.088	0.964	0.313	0.0	0.0	0.999	0.0	0.999	0.0	0.0	0.626	0.088	0.167	0.099	
T	0.356	0.662	0.0	0.036	1.0	0.0	0.0	0.0	0.0	0.0	0.0	0.036	0.356	0.31	0.356	


SOK2
A	0.336	0.115	0.845	0.009	0.003	0.339	0.946	0.656	
C	0.076	0.6	0.0	0.158	0.001	0.529	0.021	0.321	
G	0.421	0.0	0.153	0.816	0.998	0.048	0.032	0.023	
T	0.168	0.285	0.001	0.019	0.0	0.085	0.0	0.0	


SPT2
A	0.611	0.421	0.001	0.049	0.813	0.751	0.528	0.006	1.0	0.763	
C	0.002	0.155	0.003	0.005	0.0	0.087	0.228	0.0	0.0	0.0	
G	0.02	0.05	0.0	0.0	0.187	0.162	0.208	0.354	0.0	0.236	
T	0.369	0.375	0.996	0.948	0.0	0.0	0.036	0.641	0.0	0.001	


SPT23
A	0.595	0.988	0.883	0.835	0.029	0.004	0.678	0.966	
C	0.0	0.001	0.0	0.001	0.129	0.464	0.132	0.0	
G	0.404	0.01	0.084	0.001	0.002	0.23	0.07	0.033	
T	0.001	0.001	0.032	0.163	0.839	0.301	0.121	0.001	


STB1
A	0.054	0.116	0.0	0.013	0.957	0.935	0.97	0.744	
C	0.862	0.013	0.968	0.131	0.0	0.013	0.0	0.056	
G	0.071	0.871	0.031	0.855	0.043	0.051	0.03	0.026	
T	0.013	0.0	0.0	0.0	0.0	0.0	0.0	0.175	


STB2
A	0.029	0.0	0.0	0.0	0.059	0.941	0.853	0.353	
C	0.941	0.0	0.265	0.0	0.088	0.0	0.059	0.265	
G	0.0	1.0	0.735	0.941	0.0	0.0	0.088	0.235	
T	0.029	0.0	0.0	0.059	0.853	0.059	0.0	0.147	


STB4
A	0.015	0.015	0.015	0.162	0.31	0.31	0.015	0.015	0.967	
C	0.009	0.961	0.009	0.1	0.19	0.19	0.961	0.009	0.009	
G	0.009	0.009	0.961	0.576	0.19	0.19	0.009	0.961	0.009	
T	0.967	0.015	0.015	0.162	0.31	0.31	0.015	0.015	0.015	


STB5
A	0.0	0.009	0.0	0.221	0.057	0.069	0.041	0.767	0.239	0.567	
C	0.944	0.009	0.082	0.069	0.248	0.145	0.016	0.009	0.111	0.064	
G	0.009	0.922	0.892	0.15	0.53	0.03	0.016	0.035	0.032	0.13	
T	0.047	0.06	0.026	0.56	0.165	0.756	0.927	0.189	0.618	0.24	


STE12
A	0.079	0.058	0.923	0.929	0.963	0.031	0.685	
C	0.102	0.027	0.004	0.014	0.0	0.888	0.03	
G	0.076	0.908	0.031	0.036	0.036	0.013	0.177	
T	0.743	0.007	0.042	0.021	0.001	0.069	0.107	


STP1
A	0.043	0.304	0.0	0.0	0.087	0.0	0.043	0.043	
C	0.304	0.0	1.0	0.0	0.0	1.0	0.0	0.348	
G	0.13	0.696	0.0	0.957	0.913	0.0	0.435	0.261	
T	0.522	0.0	0.0	0.043	0.0	0.0	0.522	0.348	


STP4
A	0.0	0.0	0.0	0.0	0.0	0.0	0.0	0.0	0.336	0.671	0.0	0.336	0.0	0.0	0.336	
C	1.0	0.0	1.0	1.0	0.0	0.329	0.0	0.0	0.336	0.0	0.664	0.0	1.0	0.0	0.664	
G	0.0	1.0	0.0	0.0	1.0	0.0	0.672	0.336	0.329	0.329	0.336	0.336	0.0	1.0	0.0	
T	0.0	0.0	0.0	0.0	0.0	0.671	0.328	0.664	0.0	0.0	0.0	0.328	0.0	0.0	0.0	


SUM1
A	0.458	0.331	0.327	0.029	0.025	0.361	0.008	0.959	0.012	0.359	0.881	0.91	0.441	0.24	
C	0.18	0.155	0.095	0.438	0.004	0.027	0.976	0.008	0.381	0.175	0.023	0.019	0.133	0.111	
G	0.157	0.199	0.423	0.01	0.971	0.012	0.0	0.033	0.596	0.008	0.091	0.027	0.095	0.194	
T	0.205	0.314	0.155	0.523	0.0	0.6	0.016	0.0	0.012	0.458	0.004	0.044	0.331	0.456	


SUT1
A	0.155	0.299	0.023	0.065	0.0	0.304	0.276	
C	0.516	0.03	0.954	0.228	0.176	0.135	0.06	
G	0.139	0.671	0.008	0.679	0.816	0.55	0.618	
T	0.19	0.0	0.015	0.029	0.008	0.011	0.045	


SWI4
A	0.504	0.047	0.351	0.039	0.041	0.865	0.976	0.965	0.437	
C	0.181	0.922	0.0	0.908	0.067	0.0	0.0	0.018	0.113	
G	0.136	0.025	0.644	0.016	0.86	0.092	0.023	0.002	0.178	
T	0.179	0.006	0.005	0.038	0.032	0.043	0.001	0.015	0.272	


SWI5
A	0.072	0.099	0.005	0.017	0.052	0.183	0.206	0.175	
C	0.148	0.055	0.857	0.049	0.031	0.087	0.197	0.164	
G	0.163	0.833	0.0	0.066	0.853	0.619	0.116	0.164	
T	0.618	0.012	0.138	0.868	0.063	0.111	0.481	0.498	


SWI6
A	0.335	0.884	0.019	0.226	0.0	0.17	
C	0.034	0.017	0.9	0.0	0.982	0.001	
G	0.567	0.087	0.001	0.773	0.0	0.828	
T	0.064	0.012	0.081	0.0	0.017	0.0	


TEC1
A	0.25	0.531	0.0	0.969	0.0	0.0	0.0	0.016	
C	0.328	0.078	0.969	0.016	0.016	0.031	0.969	0.234	
G	0.156	0.234	0.0	0.0	0.0	0.0	0.0	0.156	
T	0.266	0.156	0.031	0.016	0.984	0.969	0.031	0.594	


THI2
A	0.242	0.037	0.537	1.0	0.912	0.02	0.0	0.077	0.319	0.591	0.959	0.0	0.98	0.506	0.114	0.251	
C	0.088	0.0	0.294	0.0	0.02	0.814	0.429	0.436	0.04	0.0	0.0	0.0	0.0	0.02	0.821	0.271	
G	0.508	0.962	0.0	0.0	0.0	0.031	0.037	0.365	0.0	0.0	0.02	0.999	0.02	0.473	0.02	0.0	
T	0.162	0.0	0.168	0.0	0.068	0.134	0.534	0.121	0.64	0.409	0.02	0.0	0.0	0.0	0.044	0.477	


TYE7
A	0.421	0.144	0.063	0.802	0.005	0.062	0.093	0.009	
C	0.095	0.082	0.806	0.024	0.865	0.017	0.033	0.047	
G	0.328	0.043	0.051	0.044	0.109	0.912	0.009	0.936	
T	0.155	0.731	0.079	0.13	0.021	0.008	0.864	0.008	


UGA3
A	0.012	0.012	0.012	0.25	0.25	0.25	0.25	0.012	0.012	0.012	
C	0.964	0.964	0.012	0.25	0.25	0.25	0.25	0.964	0.012	0.012	
G	0.012	0.012	0.964	0.25	0.25	0.25	0.25	0.012	0.964	0.964	
T	0.012	0.012	0.012	0.25	0.25	0.25	0.25	0.012	0.012	0.012	


UME6
A	0.163	0.799	0.081	0.0	0.004	0.008	0.004	0.045	0.167	0.8	
C	0.102	0.063	0.008	0.979	0.977	0.015	0.987	0.742	0.233	0.035	
G	0.095	0.008	0.9	0.016	0.011	0.976	0.008	0.078	0.571	0.134	
T	0.64	0.129	0.012	0.004	0.007	0.0	0.0	0.136	0.028	0.031	


XBP1
A	0.0	0.0	0.113	0.032	0.968	0.21	0.032	0.484	
C	0.677	0.016	0.855	0.016	0.0	0.0	0.032	0.21	
G	0.113	0.0	0.0	0.935	0.016	0.79	0.935	0.129	
T	0.21	0.984	0.032	0.016	0.016	0.0	0.0	0.177	


YAP1
A	0.185	0.073	0.126	0.001	0.105	0.908	0.166	0.043	0.85	0.942	0.334	
C	0.174	0.064	0.756	0.077	0.027	0.01	0.769	0.002	0.041	0.0	0.103	
G	0.142	0.679	0.013	0.037	0.57	0.018	0.023	0.049	0.109	0.0	0.15	
T	0.499	0.184	0.105	0.885	0.299	0.064	0.042	0.906	0.0	0.058	0.412	


YAP3
A	0.012	0.012	0.964	0.012	0.012	0.964	0.964	
C	0.012	0.012	0.012	0.964	0.012	0.012	0.012	
G	0.012	0.012	0.012	0.012	0.012	0.012	0.012	
T	0.964	0.964	0.012	0.012	0.964	0.012	0.012	


YAP5
A	0.763	0.77	0.543	0.001	0.999	0.138	
C	0.0	0.0	0.001	0.873	0.0	0.011	
G	0.009	0.229	0.455	0.0	0.0	0.0	
T	0.228	0.001	0.001	0.126	0.001	0.851	


YAP6
A	0.147	0.0	0.972	0.0	0.661	0.009	0.78	0.606	
C	0.037	0.037	0.0	0.945	0.0	0.028	0.055	0.156	
G	0.156	0.0	0.018	0.009	0.312	0.009	0.046	0.055	
T	0.661	0.963	0.009	0.046	0.028	0.954	0.119	0.183	


YAP7
A	0.192	0.402	0.067	0.013	0.951	0.054	0.03	0.892	0.95	0.139	
C	0.113	0.501	0.027	0.024	0.009	0.731	0.042	0.073	0.009	0.021	
G	0.467	0.051	0.035	0.2	0.031	0.106	0.005	0.032	0.032	0.173	
T	0.229	0.046	0.87	0.763	0.009	0.109	0.923	0.004	0.009	0.668	


YDR026C
A	0.999	0.0	0.0	0.0	0.0	0.0	
C	0.0	0.999	0.999	0.999	0.0	0.0	
G	0.0	0.0	0.0	0.0	0.999	0.999	
T	0.0	0.0	0.0	0.0	0.0	0.0	


YDR520C
A	0.162	0.036	0.072	0.0	0.0	0.0	0.107	0.0	0.0	0.162	0.662	
C	0.088	0.925	0.036	0.96	1.0	0.0	0.072	1.0	0.0	0.088	0.088	
G	0.123	0.0	0.107	0.004	0.0	1.0	0.821	0.0	0.996	0.588	0.088	
T	0.627	0.039	0.785	0.036	0.0	0.0	0.0	0.0	0.004	0.162	0.162	


YER051W
A	0.012	0.004	0.153	0.005	0.996	0.987	
C	0.0	0.0	0.841	0.0	0.0	0.0	
G	0.0	0.0	0.0	0.841	0.0	0.0	
T	0.987	0.996	0.005	0.153	0.004	0.012	


YHP1
A	0.012	0.964	0.964	0.012	0.012	0.012	
C	0.012	0.012	0.012	0.012	0.012	0.012	
G	0.012	0.012	0.012	0.012	0.012	0.964	
T	0.964	0.012	0.012	0.964	0.964	0.012	


YML081W
A	0.0	0.167	1.0	0.0	0.0	0.167	0.0	0.0	1.0	0.666	
C	0.832	0.832	0.0	0.0	0.0	0.665	0.0	0.0	0.0	0.333	
G	0.167	0.0	0.0	0.999	0.0	0.0	0.0	0.666	0.0	0.0	
T	0.0	0.0	0.0	0.0	1.0	0.167	1.0	0.333	0.0	0.0	


YOX1
A	0.571	0.952	0.0	0.0	0.952	0.0	0.19	0.048	0.0	0.048	0.048	0.0	0.0	0.714	0.952	0.619	0.524	0.286	0.0	0.0	
C	0.381	0.048	0.0	0.143	0.0	0.81	0.048	0.0	0.0	0.0	0.952	1.0	0.238	0.0	0.048	0.0	0.238	0.0	0.0	0.048	
G	0.0	0.0	0.0	0.0	0.0	0.19	0.524	0.0	0.0	0.0	0.0	0.0	0.0	0.286	0.0	0.048	0.0	0.476	1.0	0.952	
T	0.048	0.0	1.0	0.857	0.048	0.0	0.238	0.952	1.0	0.952	0.0	0.0	0.762	0.0	0.0	0.333	0.238	0.238	0.0	0.0	


YRR1
A	0.0	0.211	0.263	0.0	0.053	0.053	0.0	0.947	0.0	0.0	0.0	0.316	
C	0.0	0.105	0.053	0.158	0.053	0.0	0.105	0.0	0.947	0.737	1.0	0.0	
G	0.053	0.0	0.0	0.0	0.895	0.0	0.0	0.0	0.0	0.263	0.0	0.632	
T	0.947	0.684	0.684	0.842	0.0	0.947	0.895	0.053	0.053	0.0	0.0	0.053	


ZAP1
A	1.0	0.0	0.0	0.0	0.0	0.643	1.0	0.714	0.0	0.0	0.0	0.143	0.714	0.071	0.286	
C	0.0	1.0	1.0	0.357	0.0	0.286	0.0	0.071	0.0	0.0	0.0	0.357	0.0	0.071	0.0	
G	0.0	0.0	0.0	0.0	0.0	0.071	0.0	0.214	1.0	1.0	0.0	0.143	0.214	0.0	0.714	
T	0.0	0.0	0.0	0.643	1.0	0.0	0.0	0.0	0.0	0.0	1.0	0.357	0.071	0.857	0.0	


